0 0.790898 0.555821 0.038855 0.215210
0 0.774710 0.794494 0.105770 0.401297
0 0.684038 0.533992 0.038875 0.213561
0 0.223733 0.849509 0.162975 0.297729
0 0.046730 0.873782 0.091740 0.245960
0 0.557233 0.686079 0.063675 0.362459
0 0.427180 0.800157 0.090660 0.393208
0 0.280395 0.530738 0.045330 0.200652
0 0.238843 0.674753 0.061515 0.255667
0 0.687288 0.851938 0.148945 0.289648
0 0.647352 0.660997 0.064755 0.299355
0 0.828675 0.586567 0.047490 0.250810
0 0.471430 0.622163 0.058280 0.266994
0 0.394790 0.672343 0.053980 0.302556
0 0.947935 0.706304 0.065840 0.263748
0 0.954810 0.838992 0.090380 0.315540
0 0.882640 0.561481 0.030220 0.216829
