0 0.220474 0.297770 0.069248 0.283971
0 0.447672 0.620711 0.192565 0.456029
0 0.166422 0.551740 0.155719 0.658873
0 0.124730 0.391900 0.089788 0.517672
0 0.054412 0.447880 0.070327 0.477132
0 0.328145 0.516029 0.113644 0.613431
0 0.628881 0.461667 0.130899 0.602059
0 0.776021 0.485208 0.146062 0.574485
0 0.947239 0.534706 0.105523 0.660490
0 0.453619 0.279105 0.072500 0.256397
0 0.503930 0.412978 0.114690 0.361887
0 0.527729 0.246654 0.067092 0.204485
0 0.375727 0.284779 0.063840 0.228824
0 0.294044 0.271801 0.045441 0.176887
0 0.895572 0.300208 0.030294 0.227181
